%YAML 1.2
---

# Common parameters

image0_topic: /camera/infra1/image_rect_raw
image1_topic: /camera/infra2/image_rect_raw

cam0_calib: left.yaml
cam1_calib: right.yaml
image_width: 640
image_height: 480

# Extrinsic parameters.

body_T_cam0: !!opencv-matrix
    rows: 4
    cols: 4
    dt: d
    data: [1.1128072244325215e-03, 3.0763662562725002e-03, 9.9999464880105182e-01, 1.3040806495947485e-01, -9.9994682634545806e-01, -1.0248663253343169e-02,
        1.1442828174952901e-03, 4.1851570433826821e-03, 1.0252128643754465e-02, -9.9994274879723854e-01, 3.0647978881266357e-03, 5.5901689049342256e-02,
        0., 0., 0., 1.]

body_T_cam1: !!opencv-matrix
    rows: 4
    cols: 4
    dt: d
    data: [4.9161163498881998e-03, -2.5956507949644325e-03, 9.9998454707909634e-01, 1.3630887686552128e-01, -9.9993187834546182e-01, -1.0599186272353122e-02,
        4.8883452088467893e-03, -4.5615292585438324e-02, 1.0586334046838508e-02, -9.9994045815104160e-01, -2.6475808078669782e-03, 5.5405312181787035e-02,
        0., 0., 0., 1.]

max_freq: 20                # max frequency of processing image

# Feature tracker parameters
max_cnt: 180                # max feature number in feature tracking
min_cnt: 20                 # min feature number in feature tracking
min_dist: 30                # min distance between two features

translation_threshold: 0.05 # min translation to switch key frame
rotation_threshold: 0.05    # min rotation to switch key frame
feature_threshold: 50       # min tracking feature to switch key frame
flow_back: 1            # perform forward and backward optical flow to improve feature tracking accuracy

show_feature: 1           # show tracked features in the images
